Trail: Training
    0: OrderedDict([(0, (5646, 5923, 0.9532331588721932, array([0.90490737, 0.02507357, 0.07001906]))), (1, (6048, 6742, 0.8970631859982201, array([0.02493419, 0.87487959, 0.10018622]))), (2, (5362, 5958, 0.8999664316884861, array([0.06300212, 0.11291941, 0.82407847])))])
    1: OrderedDict([(0, (5646, 5923, 0.9532331588721932, array([0.90490737, 0.02507357, 0.07001906]))), (1, (6048, 6742, 0.8970631859982201, array([0.02493419, 0.87487959, 0.10018622]))), (2, (5362, 5958, 0.8999664316884861, array([0.06300212, 0.11291941, 0.82407847])))])
    2: OrderedDict([(0, (5646, 5923, 0.9532331588721932, array([0.90490737, 0.02507357, 0.07001906]))), (1, (6048, 6742, 0.8970631859982201, array([0.02493419, 0.87487959, 0.10018622]))), (2, (5362, 5958, 0.8999664316884861, array([0.06300212, 0.11291941, 0.82407847])))])
Acc. summary: (17056, 18623, 0.9158567362938302)
Trail: Testing
    0: OrderedDict([(0, (935, 980, 0.9540816326530612, array([0.91053367, 0.02434399, 0.06512234]))), (1, (1020, 1135, 0.8986784140969163, array([0.02419132, 0.87528416, 0.10052452]))), (2, (900, 1032, 0.872093023255814, array([0.06540423, 0.13516828, 0.79942749])))])
    1: OrderedDict([(0, (935, 980, 0.9540816326530612, array([0.91053367, 0.02434399, 0.06512234]))), (1, (1020, 1135, 0.8986784140969163, array([0.02419132, 0.87528416, 0.10052452]))), (2, (900, 1032, 0.872093023255814, array([0.06540423, 0.13516828, 0.79942749])))])
    2: OrderedDict([(0, (935, 980, 0.9540816326530612, array([0.91053367, 0.02434399, 0.06512234]))), (1, (1020, 1135, 0.8986784140969163, array([0.02419132, 0.87528416, 0.10052452]))), (2, (900, 1032, 0.872093023255814, array([0.06540423, 0.13516828, 0.79942749])))])
Acc. summary: (2855, 3147, 0.9072132189386718)
